1000000000.000
1000000000.000
1000000000.000
1000000000.000
1000000000.000
1000000000.000
1000000000.000
1000000000.000
1000000000.000
1000000000.000
1000000000.000
1000000000.000
1000000000.000
1000000000.000
1000000000.000
1000000000.000
1000000000.000
1000000000.000
1000000000.000
1000000000.000
1000000000.000
1000000000.000
1000000000.000
1000000000.000
1000000000.000
1000000000.000
1000000000.000
1000000000.000
1000000000.000
1000000000.000
1000000000.000
1000000000.000
1000000000.000
1000000000.000
1000000000.000
1000000000.000
1000000000.000
1000000000.000
38000000000.000